/*********************************************
 * OPL 12.10.0.0 Data
 * Creation Date: 29 Ara 2019
 *********************************************/

 NHole = 50; 
 NBlock = 20;
 
 
 //We were not able to import the file. Therefore, we added data manually.
 xPoint = [41 46 7 46 32 5 28 48 49 8 49 48 25 41 8 22 46 40 48 33 2 43 47 34 38 38 20 33 9 36 2 14 3 5 42 35 16 48 2 22 20 39 40 10 25 23 33 36 14 34];
 yPoint = [9 40 16 27 9 31 33 35 38 23 5 12 46 8 42 27 50 4 23 6 49 1 39 41 44 5 20 13 41 22 46 10 14 8 7 44 29 28 8 43 32 18 26 21 4 12 7 10 21 3];
 xBlock = [29 18 37 24 16 43 40 25 29 27 10 14 22 11 38 9 11 8 11 20];
 yBlock = [14 42 20 9 41 45 20 6 12 19 27 12 28 33 10 6 14 15 20 23];
 Width = [1 1 3 1 3 3 2 2 1 2 3 2 2 1 2 2 3 2 2 3];
 Height = [1 3 3 3 1 1 2 3 1 3 1 2 2 3 3 3 3 2 3 1];
 